4.098228931427002
3.723605155944824
4.127068996429443
3.7633087635040283
3.7826693058013916
3.7848572731018066
3.8625881671905518
4.242321968078613
4.409036159515381
3.9130630493164062
3.944512367248535
3.942945957183838
4.116776943206787
4.818777084350586
4.2446393966674805
4.114850044250488
4.215059280395508
4.726820468902588
3.9400107860565186
4.3926167488098145
4.671600341796875
4.640409469604492
4.301611423492432
4.17044734954834
4.517454624176025
4.338676929473877
4.3776774406433105
4.279008388519287
4.834074020385742
4.6885857582092285
4.620969772338867
4.547039031982422
3.9705235958099365
4.69811487197876
4.687030792236328
4.890515327453613
4.139565467834473
4.752315521240234
4.918033599853516
4.60291862487793
4.528408050537109
4.788247108459473
4.676395893096924
4.39103364944458
4.272387504577637
4.473805904388428
4.266849040985107
4.666951656341553
4.772228240966797
4.596599578857422
4.592872142791748
4.524608612060547
4.725085258483887
4.825104713439941
4.445109844207764
4.4637837409973145
4.278895854949951
4.803511619567871
4.199359893798828
4.807291030883789
5.0024943351745605
4.723732948303223
4.609323978424072
4.556999683380127
4.670215606689453
4.6471967697143555
4.636695861816406
4.1732892990112305
4.818161487579346
4.3984270095825195
4.795287609100342
5.03178071975708
4.913410186767578
4.539481163024902
4.110322952270508
4.91225528717041
4.542521953582764
4.49724817276001
4.7982892990112305
4.347082614898682
4.731426239013672
4.598290920257568
5.008388519287109
4.343257904052734
4.591742038726807
4.3503241539001465
4.662661075592041
4.825698375701904
4.595291614532471
4.584290981292725
4.400136470794678
4.545413970947266
4.278645038604736
4.5274457931518555
4.4592366218566895
4.497921466827393
4.64176082611084
4.489752292633057
4.450841426849365
4.557424545288086
4.390329360961914
4.571660041809082
4.4685468673706055
4.186215400695801
4.789287567138672
4.105249404907227
4.44116735458374
4.678615093231201
4.39076042175293
4.3612589836120605
4.443323135375977
4.713178634643555
4.357898712158203
4.430502414703369
4.2634992599487305
4.328451156616211
4.674185276031494
4.369640350341797
4.5573835372924805
4.733063220977783
4.115793704986572
4.350223541259766
4.450882434844971
4.370114326477051
4.2549519538879395
4.450954437255859
4.171846389770508
4.297007083892822
4.386850357055664
4.292868137359619
4.286463737487793
4.315442085266113
4.024825572967529
4.3525071144104
3.9667367935180664
4.203496932983398
4.457190990447998
4.246583461761475
4.405747890472412
4.341930866241455
4.406511306762695
4.218079090118408
4.218627452850342
4.2130632400512695
4.14550256729126
3.988081932067871
4.143572807312012
3.99955415725708
4.218538761138916
4.2362871170043945
4.223659992218018
4.238748550415039
4.2493085861206055
3.919520854949951
4.041382312774658
4.010570526123047
3.821272850036621
4.266299247741699
4.2450947761535645
4.191730976104736
3.8212954998016357
4.020394325256348
4.451380252838135
4.365097522735596
4.025938510894775
4.490175247192383
3.9701671600341797
4.072457313537598
3.9670042991638184
4.311847686767578
3.9889910221099854
3.937706232070923
3.8210561275482178
3.672477960586548
3.8527231216430664
4.22049617767334
4.106297492980957
3.7120208740234375
3.9505057334899902
4.006142616271973
4.056901454925537
3.7756760120391846
3.923487901687622
3.6972551345825195
3.8354616165161133
3.8072619438171387
3.618377685546875
3.6806235313415527
4.084023952484131
4.001749038696289
3.9826531410217285
3.90547513961792
3.8482418060302734
3.7914180755615234
4.136026382446289
4.021499156951904
3.770355463027954
4.41033411026001
4.0504231452941895
4.099761009216309
4.186887741088867
3.665695905685425
3.7813727855682373
3.9701128005981445
4.045053005218506
3.7320566177368164
3.1533493995666504
3.8168137073516846
3.649271011352539
3.350956439971924
3.7172040939331055
3.8637945652008057
3.7244608402252197
3.786822557449341
3.5769894123077393
3.905984878540039
3.7420389652252197
3.945629358291626
3.41154408454895
3.4205400943756104
3.639751672744751
3.814087152481079
3.8881118297576904
3.560809373855591
3.4222497940063477
3.549811601638794
3.387666702270508
3.4042835235595703
3.7240700721740723
3.603264093399048
3.8731610774993896
3.331852436065674
3.6265053749084473
3.4733121395111084
3.5221893787384033
3.744619369506836
3.374480962753296
3.497469902038574
3.4100778102874756
3.7302029132843018
3.742049217224121
3.2315452098846436
3.761362314224243
3.7365353107452393
3.9712014198303223
3.4260759353637695
3.641801357269287
3.593453884124756
3.607830286026001
3.8482327461242676
3.217670202255249
3.795306444168091
3.734734535217285
3.624255657196045
3.3323302268981934
3.3679115772247314
3.452176094055176
3.6192052364349365
3.2470340728759766
3.5045559406280518
3.7089319229125977
3.2905657291412354
3.4804635047912598
3.857011318206787
3.538670539855957
3.2395999431610107
3.5680947303771973
3.8069236278533936
3.799344539642334
3.5284969806671143
3.739262104034424
3.8186941146850586
3.5806026458740234
3.607086181640625
3.5210230350494385
3.218898296356201
3.414841413497925
3.9809083938598633
3.4487967491149902
3.507197856903076
3.4484503269195557
3.3088912963867188
3.5448365211486816
3.63690185546875
3.3687872886657715
3.4730148315429688
3.19478178024292
3.680476665496826
3.2591073513031006
3.353630781173706
3.5284292697906494
3.4168288707733154
3.4394443035125732
3.6697206497192383
3.5293948650360107
3.491415500640869
3.316432476043701
3.554380416870117
3.5621683597564697
3.5299041271209717
3.8399126529693604
3.523787498474121
3.8061575889587402
3.4989569187164307
3.5267586708068848
3.429746389389038
3.0032284259796143
3.3863158226013184
3.0766894817352295
3.6064977645874023
3.4667904376983643
3.848949670791626
3.6818041801452637
3.6702380180358887
3.6775150299072266
3.3966174125671387
3.5686535835266113
3.6251766681671143
3.123706340789795
3.5165886878967285
3.6675095558166504
3.5501575469970703
3.3493340015411377
3.5753989219665527
3.223245859146118
3.637167453765869
2.9143059253692627
3.723280906677246
3.306777000427246
3.168124198913574
3.73532772064209
3.4527273178100586
3.90415620803833
3.4105679988861084
3.463427782058716
3.5644702911376953
3.7221667766571045
3.530694007873535
3.6134729385375977
3.6401071548461914
3.8877151012420654
3.8392751216888428
3.489193916320801
3.625286817550659
3.587394952774048
3.2565810680389404
3.4640209674835205
3.639230251312256
3.1740190982818604
3.4973092079162598
3.6835415363311768
2.9830286502838135
3.6062471866607666
3.585613489151001
3.412335157394409
3.5740277767181396
3.4037234783172607
3.450439691543579
3.854247808456421
3.6171679496765137
3.385916233062744
3.5439155101776123
3.3990561962127686
3.5919861793518066
3.3444108963012695
3.5069806575775146
3.4435412883758545
3.6427078247070312
3.526109218597412
3.025327205657959
3.707813024520874
3.4988231658935547
3.5299344062805176
3.646132707595825
3.1347572803497314
3.5487496852874756
3.229018211364746
3.1499593257904053
2.879716396331787
3.40986967086792
3.6533374786376953
3.7167863845825195
3.562081813812256
3.5661535263061523
3.513533115386963
3.5468783378601074
3.314021587371826
3.4661388397216797
3.220198154449463
2.9612622261047363
3.4191696643829346
3.8764777183532715
3.193634033203125
3.3583550453186035
3.6018314361572266
3.263030767440796
3.531205415725708
3.7683205604553223
3.0130138397216797
3.377906084060669
3.78117299079895
3.3196964263916016
3.4500067234039307
3.0716745853424072
3.3205296993255615
3.1191468238830566
3.5193932056427
3.1889562606811523
3.686464548110962
3.3374195098876953
3.6457624435424805
3.1331491470336914
3.527951240539551
3.2805771827697754
3.353318691253662
3.4527597427368164
3.7696175575256348
3.4021596908569336
3.3583264350891113
3.6315622329711914
3.6824944019317627
3.7441046237945557
3.3714559078216553
3.589562177658081
3.7182700634002686
3.1701550483703613
3.5667943954467773
3.527676582336426
3.378758192062378
3.2708284854888916
3.1152451038360596
3.9334523677825928
3.7052502632141113
3.480281352996826
3.5450222492218018
3.046140670776367
3.2511587142944336
3.439567804336548
2.885680913925171
3.278667688369751
3.2660555839538574
3.1567087173461914
3.390178918838501
3.3798012733459473
3.7504873275756836
3.7574830055236816
3.0952956676483154
3.676119804382324
3.5401525497436523
3.2576262950897217
3.8302865028381348
3.340625286102295
3.073859453201294
3.2202389240264893
3.5579159259796143
3.5310654640197754
3.238966941833496
3.080284357070923
3.435353994369507
2.9988555908203125
3.3893768787384033
3.162576198577881
3.165544033050537
3.1596319675445557
3.788677453994751
3.3228719234466553
3.5019850730895996
3.5259087085723877
4.001017093658447
2.7999680042266846
3.4695961475372314
3.576246738433838
3.200625419616699
3.2706644535064697
3.359569787979126
3.119410753250122
3.6567015647888184
3.096130609512329
3.1005001068115234
3.1347131729125977
3.1935367584228516
3.195981979370117
3.0299737453460693
3.3534305095672607
3.3608760833740234
3.0868375301361084
3.470698833465576
2.893754482269287
3.0114030838012695
2.9513416290283203
2.8925657272338867
3.085679531097412
3.343942880630493
3.0387046337127686
3.151956081390381
3.3650994300842285
3.0661513805389404
3.6403188705444336
3.187634229660034
3.0671234130859375
3.2196831703186035
3.4584643840789795
3.040348529815674
3.626293659210205
3.276338815689087
3.066835641860962
3.6236252784729004
3.4718728065490723
3.3024041652679443
2.930832624435425
3.471086025238037
3.691239356994629
3.193554162979126
3.6309075355529785
3.497105360031128
2.698369026184082
3.151211738586426
3.325676202774048
3.0263233184814453
2.961458444595337
2.8898587226867676
2.9535133838653564
3.3338401317596436
2.9979724884033203
3.013881206512451
3.1006407737731934
2.937753915786743
3.486391305923462
2.839492082595825
3.09033203125
3.4093778133392334
3.203883171081543
3.007993221282959
3.044379949569702
3.026765823364258
3.3313369750976562
3.2209067344665527
3.1985275745391846
3.4742989540100098
3.2990403175354004
3.099794387817383
3.2033801078796387
3.028548002243042
3.364492893218994
3.384756088256836
3.66963267326355
2.911747455596924
3.9749879837036133
3.6584813594818115
2.7673392295837402
3.075434923171997
3.506640911102295
3.281921148300171
3.2525033950805664
2.924593925476074
3.073641061782837
3.2155563831329346
3.1869924068450928
3.037419080734253
3.0409815311431885
3.230858087539673
3.281806230545044
3.4072647094726562
3.3289215564727783
3.495614528656006
3.162921667098999
3.5029799938201904
3.0969343185424805
3.5485777854919434
2.976039171218872
3.0205492973327637
3.2572667598724365
3.5427346229553223
2.752453327178955
3.4438202381134033
2.9898765087127686
3.4551947116851807
3.1180453300476074
3.1466641426086426
3.5960659980773926
3.1166152954101562
3.051473379135132
2.8368473052978516
2.9354987144470215
3.861565351486206
3.8565261363983154
3.0048749446868896
3.7481582164764404
3.4188013076782227
3.171978712081909
3.621706008911133
3.1418282985687256
3.2344939708709717
3.205855131149292
3.233988046646118
3.0527026653289795
3.4885220527648926
3.020212173461914
3.043820381164551
3.216409206390381
3.507632255554199
3.2152106761932373
3.3132195472717285
3.511767625808716
3.183856725692749
2.6375975608825684
3.3041751384735107
3.0512757301330566
3.068720817565918
2.755599021911621
3.0207388401031494
3.6506705284118652
3.119870185852051
3.375920057296753
2.781463623046875
3.3601269721984863
2.9448463916778564
3.3596017360687256
2.7484350204467773
3.7028589248657227
3.310906410217285
3.385266065597534
2.9026482105255127
3.3022165298461914
3.6939642429351807
3.5419673919677734
2.798405170440674
3.072085380554199
2.850250482559204
2.8772788047790527
3.508843421936035
3.282332420349121
2.9147069454193115
3.1763405799865723
3.5311801433563232
3.2428197860717773
3.150252342224121
3.1590700149536133
3.697199821472168
3.2339653968811035
3.052234411239624
3.261392831802368
3.157496452331543
3.1005170345306396
3.74113130569458
3.2650485038757324
2.9998226165771484
3.344265937805176
2.97210693359375
3.3063037395477295
3.3720343112945557
3.155474901199341
3.4080450534820557
3.1557486057281494
3.0083670616149902
3.6582467555999756
3.209216594696045
2.772298812866211
3.0594730377197266
3.3962574005126953
3.378653049468994
3.333073139190674
3.2550950050354004
2.920419692993164
3.5819311141967773
3.1513431072235107
2.7771196365356445
2.9395687580108643
3.0889153480529785
3.4396307468414307
3.0058202743530273
3.3774893283843994
3.199301242828369
3.4027903079986572
3.8806521892547607
3.5191915035247803
2.9573800563812256
3.1694705486297607
2.783254384994507
3.334437847137451
2.7879257202148438
2.578401565551758
3.3941454887390137
3.0088632106781006
2.715017318725586
3.446376323699951
3.372396945953369
3.391418218612671
3.141939401626587
3.1858887672424316
3.569911003112793
2.8671140670776367
3.6953442096710205
3.631131172180176
3.0818228721618652
3.4267492294311523
2.792294979095459
3.2831978797912598
3.5080981254577637
3.3137764930725098
3.6286654472351074
2.9141318798065186
3.1691482067108154
3.264552593231201
3.754734516143799
3.6573903560638428
3.2566633224487305
3.2605059146881104
3.094594717025757
3.310953140258789
3.096400499343872
3.3034403324127197
3.3035659790039062
3.4783780574798584
3.2126846313476562
3.234588861465454
3.2488980293273926
3.4430160522460938
3.0832173824310303
3.273730993270874
3.478208303451538
2.9783217906951904
3.379178762435913
3.099783420562744
3.2021548748016357
3.7064406871795654
3.1332857608795166
3.3305540084838867
3.1900877952575684
2.7711217403411865
3.3922698497772217
3.1696527004241943
3.281648874282837
3.248366355895996
3.067112445831299
3.0874838829040527
3.0467026233673096
3.4952149391174316
3.8670413494110107
3.0940933227539062
3.422131299972534
3.0927844047546387
3.4650487899780273
2.923513889312744
3.0295417308807373
3.1975739002227783
3.065551996231079
3.0044069290161133
3.4183881282806396
2.8903326988220215
3.3990654945373535
3.357362985610962
3.3638923168182373
2.713041305541992
3.1936047077178955
3.115692377090454
3.104933977127075
3.2865514755249023
2.953725576400757
3.3887133598327637
3.8730764389038086
3.194441556930542
3.1622281074523926
3.3013715744018555
2.9273996353149414
3.2604968547821045
3.5518288612365723
3.030102252960205
3.402191162109375
2.610560417175293
3.1656835079193115
3.541309118270874
3.251643657684326
3.449946880340576
3.600039482116699
3.323803663253784
3.4182426929473877
3.0472517013549805
3.2689294815063477
3.735696792602539
3.291900396347046
3.411020517349243
3.69451904296875
3.5415594577789307
2.9773905277252197
3.2294998168945312
3.317514419555664
3.2394235134124756
3.5953824520111084
3.7739763259887695
2.9659981727600098
3.3183226585388184
3.7368130683898926
2.8962204456329346
3.006654739379883
3.574536085128784
3.359738349914551
3.690261125564575
3.166393995285034
3.3541736602783203
2.9829678535461426
3.3308911323547363
2.8765978813171387
3.2067365646362305
3.3200533390045166
3.74796199798584
3.385701894760132
2.754889488220215
3.465909719467163
3.776207685470581
3.2316155433654785
3.26399302482605
2.7863450050354004
3.446831464767456
3.3477282524108887
3.5689334869384766
2.8480095863342285
3.287060022354126
3.223607063293457
3.0273959636688232
3.6148760318756104
2.6956729888916016
2.819265842437744
3.489408016204834
3.2921745777130127
3.232264518737793
3.0383572578430176
3.1185829639434814
2.8679709434509277
3.3221194744110107
2.867093801498413
3.269939661026001
3.002145767211914
3.096925973892212
2.851844549179077
3.4104819297790527
3.256382465362549
3.4306211471557617
2.520735263824463
2.696917772293091
3.4879486560821533
2.9913129806518555
3.6582703590393066
3.419339895248413
3.2088451385498047
3.7551136016845703
3.5431783199310303
3.3564085960388184
2.9855151176452637
2.864093542098999
3.0605454444885254
3.4883272647857666
3.02364444732666
3.331021308898926
3.6450741291046143
3.215677499771118
2.9225504398345947
2.9039995670318604
2.8643462657928467
3.139200448989868
3.329108238220215
3.1258161067962646
3.2711853981018066
3.1115572452545166
3.638049840927124
2.7958290576934814
3.2051849365234375
3.3332631587982178
2.872260093688965
3.1937732696533203
3.3354687690734863
3.0320305824279785
3.3943352699279785
3.265475273132324
3.0545406341552734
3.1304984092712402
2.970370292663574
2.8678231239318848
3.1393485069274902
3.1505022048950195
3.3444387912750244
3.2431294918060303
3.4491260051727295
3.1066999435424805
3.3944311141967773
3.5627410411834717
3.0749118328094482
3.403848886489868
2.817434787750244
2.675764560699463
3.248267889022827
3.3635261058807373
2.8338396549224854
2.8140087127685547
3.307888984680176
3.196004867553711
3.106783866882324
3.3910248279571533
2.939486026763916
3.0005381107330322
3.6220810413360596
3.077855110168457
